0 3
1 -3
2 -1
3 -1
4 1
5 -3
6 1
7 -1
8 1
9 -3
10 3
11 3
12 1
13 3
14 1
15 -3
16 1
17 3
18 1
19 -3
20 1
21 -3
22 1
23 -1
24 -3
25 -1
26 3
27 -1
28 -1
29 3
30 -1
31 -1
32 1
33 -3
34 1
35 -1
36 3
37 1
38 3
39 -3
40 -1
41 -3
42 -1
43 3
44 -1
45 -3
46 -1
47 3
48 -1
49 3
50 -1
51 1
52 3
53 -3
54 -3
55 -1
56 -1
57 -1
58 -1
59 1
60 3
61 1
62 -3
63 -1
64 1
65 -3
66 1
67 -1
68 1
69 -3
70 -1
71 -1
72 -1
73 -3
74 1
75 -3
76 -1
77 -3
78 3
79 3
80 1
81 3
82 -3
83 3
84 1
85 3
86 1
87 -3
88 1
89 3
90 1
91 -3
92 -1
93 -1
94 -1
95 -1
