0 3
1 -3
2 -1
3 -1
4 1
5 -3
6 1
7 -1
8 1
9 -3
10 3
11 3
12 1
13 3
14 1
15 -3
16 1
17 3
18 1
19 -3
20 1
21 -3
22 1
23 -1
24 -3
25 -1
26 3
27 -1
28 -1
29 3
30 -1
31 -1
32 1
33 -3
34 1
35 -1
36 3
37 1
38 3
39 -3
40 -1
41 -3
42 -1
43 3
44 -1
45 -3
46 -1
47 3
48 -1
49 3
50 -1
51 1
52 3
53 -3
54 -3
55 -1
56 -1
57 -1
58 -1
59 1
60 3
61 1
62 -3
63 -1
64 1
65 -3
66 1
67 -1
68 1
69 -3
70 -1
71 -1
72 -1
73 -3
74 1
75 -3
76 -1
77 -3
78 3
79 3
80 1
81 3
82 -3
83 3
84 1
85 3
86 1
87 -3
88 1
89 3
90 1
91 -3
92 -1
93 -1
94 -1
95 -1
96 0
97 0
98 0
99 0
100 16
101 0
102 0
103 0
104 40
105 -110
106 86
107 -56
108 -3
109 127
110 0
111 0
112 0
113 0
114 0
115 0
116 32
117 0
118 0
119 0
120 0
121 0
122 0
123 0
124 0
125 0
126 0
127 0
128 0
129 0
130 0
131 0
132 0
133 0
134 0
135 0
136 -128
137 3
138 0
139 0
140 -128
141 3
142 0
143 0
144 1
145 0
146 0
147 0
148 0
149 0
150 0
151 0
152 -10
153 117
154 -82
155 3
156 1
157 0
158 0
159 0
160 0
161 0
162 0
163 0
164 0
165 0
166 0
167 0
168 -128
169 3
170 0
171 0
172 -128
173 3
174 0
175 0
176 0
177 0
178 0
179 0
180 0
181 0
182 0
183 0
184 0
185 0
186 0
187 0
188 0
189 0
190 0
191 0
192 0
193 0
194 0
195 0
196 0
197 0
198 0
199 0
200 0
201 0
202 0
203 0
204 0
205 0
206 0
207 0
208 0
209 0
210 0
211 0
212 0
213 0
214 0
215 0
216 0
217 0
218 0
219 0
220 0
221 0
222 0
223 0
224 0
225 0
226 0
227 0
228 0
229 0
230 0
231 0
232 0
233 0
234 0
235 0
236 -1
237 0
238 0
239 0
240 47
241 47
242 47
243 47
244 47
245 47
246 47
247 47
248 47
249 47
250 47
251 47
252 47
253 47
254 47
255 47
